[[0.9999994039535522, 0.8256592750549316, 0.8956258893013, 0.7361195087432861, 0.76917564868927, 0.8005108833312988, 0.7836376428604126, 0.8428241014480591, 0.7911163568496704, 0.9326245784759521, 0.8978509902954102, 0.9288404583930969, 0.8942621946334839, 0.9444495439529419, 0.8743284940719604, 0.8775192499160767, 0.8361244201660156, 0.8775192499160767, 0.8775192499160767, 0.9025317430496216, 0.8910864591598511, 0.8934915661811829, 0.8934915661811829, 0.8491158485412598, 0.8480603694915771, 0.6538671255111694, 0.7419540286064148, 0.6683502197265625, 0.6857547163963318, 0.6537277698516846, 0.6640312075614929, 0.5456515550613403, 0.6316624283790588, 0.7801902890205383, 0.7261191606521606, 0.7559331655502319, 0.7559331655502319, 0.557543158531189, 0.6667307019233704, 0.6756041646003723, 0.7353886365890503, 0.6028645634651184, 0.7499724626541138, 0.6155127882957458, 0.7553471326828003, 0.7220122814178467, 0.8579249978065491, 0.8004209399223328, 0.628051221370697, 0.5382179617881775, 0.5729790925979614], [0.8256592750549316, 0.9999998807907104, 0.8187026977539062, 0.7055215835571289, 0.757319986820221, 0.815568208694458, 0.9030894637107849, 0.7717852592468262, 0.8166516423225403, 0.8439738154411316, 0.7827169895172119, 0.8225926160812378, 0.8203365802764893, 0.842869222164154, 0.7472864389419556, 0.8694983720779419, 0.890335738658905, 0.8694983720779419, 0.8694983720779419, 0.8141090869903564, 0.8310691118240356, 0.8969854712486267, 0.8969854712486267, 0.7204877138137817, 0.7145393490791321, 0.7295240759849548, 0.7625436186790466, 0.6491677761077881, 0.6444356441497803, 0.6147606372833252, 0.7352068424224854, 0.49014583230018616, 0.6044323444366455, 0.7210655808448792, 0.7086672782897949, 0.7313840985298157, 0.7313840985298157, 0.6621757745742798, 0.7318279147148132, 0.5871503353118896, 0.7223813533782959, 0.6502248048782349, 0.7055302262306213, 0.689008355140686, 0.8159445524215698, 0.6488391160964966, 0.8036367893218994, 0.8037176132202148, 0.6765193939208984, 0.5253218412399292, 0.5966430306434631], [0.8956258893013, 0.8187026977539062, 1.0000003576278687, 0.6898779273033142, 0.7444623708724976, 0.7786012291908264, 0.8041841983795166, 0.8438310623168945, 0.7745179533958435, 0.8821057081222534, 0.8745282888412476, 0.9100611209869385, 0.8705278038978577, 0.8857560157775879, 0.8650725483894348, 0.8708529472351074, 0.857697606086731, 0.8708529472351074, 0.8708529472351074, 0.9131126999855042, 0.9017801284790039, 0.9048499464988708, 0.9048499464988708, 0.8593556880950928, 0.8587645292282104, 0.6485629677772522, 0.7133506536483765, 0.6350730657577515, 0.6391900777816772, 0.5983501672744751, 0.7014725208282471, 0.5454537868499756, 0.5809435248374939, 0.6790938377380371, 0.7014517784118652, 0.720005214214325, 0.720005214214325, 0.5444762706756592, 0.661229133605957, 0.7014811038970947, 0.7384420037269592, 0.6172580718994141, 0.7078741788864136, 0.6380836963653564, 0.7628918886184692, 0.7178354263305664, 0.8654072284698486, 0.7628319263458252, 0.5711096525192261, 0.5413428544998169, 0.5656105279922485], [0.7361195087432861, 0.7055215835571289, 0.6898779273033142, 1.0000001192092896, 0.8642825484275818, 0.6357995271682739, 0.6358386278152466, 0.7843663692474365, 0.6730383038520813, 0.7518866062164307, 0.7024271488189697, 0.7249242663383484, 0.7545771598815918, 0.7591068744659424, 0.7170791625976562, 0.6848034858703613, 0.707105278968811, 0.6848034858703613, 0.6848034858703613, 0.7482461929321289, 0.7377986311912537, 0.7203046083450317, 0.7203046083450317, 0.6315914392471313, 0.6341521739959717, 0.6752812266349792, 0.7871016263961792, 0.7350397706031799, 0.7117376327514648, 0.7032966613769531, 0.53209388256073, 0.4598138928413391, 0.7075991630554199, 0.5602747201919556, 0.733839213848114, 0.7540275454521179, 0.7540275454521179, 0.546981930732727, 0.5981976389884949, 0.49523961544036865, 0.5697005987167358, 0.4192259907722473, 0.6455584764480591, 0.48398470878601074, 0.6223012804985046, 0.674658477306366, 0.6772284507751465, 0.6763778924942017, 0.5543676614761353, 0.6254593133926392, 0.6282638907432556], [0.76917564868927, 0.757319986820221, 0.7444623708724976, 0.8642825484275818, 1.0000001192092896, 0.747910737991333, 0.7209508419036865, 0.8174669742584229, 0.7330034971237183, 0.7793166637420654, 0.7573425769805908, 0.7528281807899475, 0.7946467399597168, 0.778104841709137, 0.746421754360199, 0.7002860307693481, 0.718759298324585, 0.7002860307693481, 0.7002860307693481, 0.7700765132904053, 0.7403517365455627, 0.7487479448318481, 0.7487479448318481, 0.7363002300262451, 0.7377928495407104, 0.702475905418396, 0.7471491098403931, 0.732263445854187, 0.7241172790527344, 0.6456987261772156, 0.6163449287414551, 0.4942736029624939, 0.6692763566970825, 0.6469930410385132, 0.6975932121276855, 0.725174069404602, 0.725174069404602, 0.5397070646286011, 0.6125011444091797, 0.5623305439949036, 0.6110442876815796, 0.544570803642273, 0.7191365957260132, 0.5171538591384888, 0.6625661849975586, 0.6561025381088257, 0.6643598675727844, 0.6805348992347717, 0.517594039440155, 0.7329940795898438, 0.6143903136253357], [0.8005108833312988, 0.815568208694458, 0.7786012291908264, 0.6357995271682739, 0.747910737991333, 0.9999999403953552, 0.8720763921737671, 0.7686816453933716, 0.7222785949707031, 0.8174475431442261, 0.8279162645339966, 0.794888973236084, 0.8595626354217529, 0.8138254880905151, 0.7571434378623962, 0.7728122472763062, 0.7698274850845337, 0.7728122472763062, 0.7728122472763062, 0.7594728469848633, 0.7435572147369385, 0.7902223467826843, 0.7902223467826843, 0.8189001083374023, 0.8151547908782959, 0.645174503326416, 0.7046921849250793, 0.6117851734161377, 0.5538421273231506, 0.5267614126205444, 0.7748316526412964, 0.503637433052063, 0.5138396620750427, 0.7704728841781616, 0.6305075883865356, 0.6568455696105957, 0.6568455696105957, 0.5947920083999634, 0.6599739789962769, 0.618170440196991, 0.6586182117462158, 0.7326017618179321, 0.8126363158226013, 0.7390146255493164, 0.7529325485229492, 0.681296706199646, 0.7426868677139282, 0.712103009223938, 0.5453407168388367, 0.5794038772583008, 0.5920224189758301], [0.7836376428604126, 0.9030894637107849, 0.8041841983795166, 0.6358386278152466, 0.7209508419036865, 0.8720763921737671, 1.0, 0.7182096242904663, 0.7687838077545166, 0.7933683395385742, 0.794314444065094, 0.7852020263671875, 0.8303506374359131, 0.792377769947052, 0.720816969871521, 0.8191661834716797, 0.8252065181732178, 0.8191661834716797, 0.8191661834716797, 0.7442678213119507, 0.7689356803894043, 0.8454575538635254, 0.8454575538635254, 0.7461642026901245, 0.740204393863678, 0.6583964228630066, 0.6757505536079407, 0.5530807375907898, 0.5353338718414307, 0.4790547490119934, 0.7395991683006287, 0.44917571544647217, 0.47140103578567505, 0.7200171947479248, 0.6255146265029907, 0.6642782092094421, 0.6642782092094421, 0.5670099258422852, 0.6440589427947998, 0.5360807776451111, 0.6812044382095337, 0.7151603102684021, 0.7144901752471924, 0.7335517406463623, 0.7854118347167969, 0.6340645551681519, 0.7251824736595154, 0.7166948914527893, 0.5724432468414307, 0.5014933943748474, 0.5191472172737122], [0.8428241014480591, 0.7717852592468262, 0.8438310623168945, 0.7843663692474365, 0.8174669742584229, 0.7686816453933716, 0.7182096242904663, 1.000000238418579, 0.7914342880249023, 0.85728919506073, 0.7869745492935181, 0.8688456416130066, 0.8044491410255432, 0.8714911937713623, 0.795983076095581, 0.7436484098434448, 0.7436323165893555, 0.7436484098434448, 0.7436484098434448, 0.8465789556503296, 0.833791196346283, 0.7753357887268066, 0.7753357887268066, 0.7847902774810791, 0.7835885286331177, 0.6991010308265686, 0.8103353381156921, 0.7189815044403076, 0.7047346830368042, 0.7019718885421753, 0.649624228477478, 0.5245638489723206, 0.6993489265441895, 0.6506601572036743, 0.6770324110984802, 0.6854442954063416, 0.6854442954063416, 0.5816884636878967, 0.6809759140014648, 0.6605802178382874, 0.5757141709327698, 0.5675636529922485, 0.7074576020240784, 0.5919442772865295, 0.6794166564941406, 0.6869267225265503, 0.761260986328125, 0.7482984662055969, 0.5199922919273376, 0.633211612701416, 0.607938289642334], [0.7911163568496704, 0.8166516423225403, 0.7745179533958435, 0.6730383038520813, 0.7330034971237183, 0.7222785949707031, 0.7687838077545166, 0.7914342880249023, 1.000000238418579, 0.8273113369941711, 0.7390396595001221, 0.8502838611602783, 0.7743794322013855, 0.8455824851989746, 0.7605190277099609, 0.7502747178077698, 0.804133415222168, 0.7502747178077698, 0.7502747178077698, 0.7848545908927917, 0.8290696144104004, 0.8203995227813721, 0.8203995227813721, 0.7159073352813721, 0.7098151445388794, 0.7301555871963501, 0.6876110434532166, 0.6011883020401001, 0.6322228312492371, 0.6113492250442505, 0.5668368935585022, 0.4422353506088257, 0.6200261116027832, 0.6184070110321045, 0.6526765823364258, 0.6563528776168823, 0.6563528776168823, 0.6744548678398132, 0.7148933410644531, 0.6224294900894165, 0.5684278011322021, 0.4983055591583252, 0.6184815764427185, 0.5627762675285339, 0.6573922634124756, 0.6563760042190552, 0.7246072888374329, 0.7449086904525757, 0.508767306804657, 0.5395548939704895, 0.5447567701339722], [0.9326245784759521, 0.8439738154411316, 0.8821057081222534, 0.7518866062164307, 0.7793166637420654, 0.8174475431442261, 0.7933683395385742, 0.85728919506073, 0.8273113369941711, 0.9999997615814209, 0.8771470189094543, 0.9535678625106812, 0.9176428318023682, 0.9818881750106812, 0.8664229512214661, 0.8327213525772095, 0.84064781665802, 0.8327213525772095, 0.8327213525772095, 0.8994418382644653, 0.887556791305542, 0.9021933078765869, 0.9021933078765869, 0.8422732353210449, 0.8393094539642334, 0.7624974846839905, 0.842160701751709, 0.6616121530532837, 0.6392631530761719, 0.6423682570457458, 0.662477970123291, 0.5433508157730103, 0.6090989112854004, 0.7386801242828369, 0.706926703453064, 0.7333067655563354, 0.7333067655563354, 0.6429325938224792, 0.7346469163894653, 0.6473472714424133, 0.6336826086044312, 0.6060147285461426, 0.7268968820571899, 0.6351860165596008, 0.7318225502967834, 0.6750167608261108, 0.862668514251709, 0.7942749261856079, 0.6320925951004028, 0.5282626152038574, 0.5706086158752441], [0.8978509902954102, 0.7827169895172119, 0.8745282888412476, 0.7024271488189697, 0.7573425769805908, 0.8279162645339966, 0.794314444065094, 0.7869745492935181, 0.7390396595001221, 0.8771470189094543, 1.0000001192092896, 0.869775652885437, 0.9334903359413147, 0.8883122205734253, 0.9073312282562256, 0.8641725778579712, 0.7876023650169373, 0.8641725778579712, 0.8641725778579712, 0.8387032747268677, 0.7977257966995239, 0.8461048603057861, 0.8461048603057861, 0.8811888694763184, 0.8832285404205322, 0.6293785572052002, 0.7317192554473877, 0.5653483867645264, 0.5644689202308655, 0.5190563201904297, 0.6037462949752808, 0.4841499328613281, 0.5138568878173828, 0.7321279644966125, 0.6096552610397339, 0.6327245831489563, 0.6327245831489563, 0.5358700752258301, 0.5868619680404663, 0.6340322494506836, 0.6683123111724854, 0.6151618957519531, 0.6791174411773682, 0.629211962223053, 0.7022548913955688, 0.6663820743560791, 0.8030000925064087, 0.6933127641677856, 0.48816877603530884, 0.47519856691360474, 0.48815321922302246], [0.9288404583930969, 0.8225926160812378, 0.9100611209869385, 0.7249242663383484, 0.7528281807899475, 0.794888973236084, 0.7852020263671875, 0.8688456416130066, 0.8502838611602783, 0.9535678625106812, 0.869775652885437, 0.9999997615814209, 0.8992010951042175, 0.9669673442840576, 0.8873983025550842, 0.8259369134902954, 0.8567119240760803, 0.8259369134902954, 0.8259369134902954, 0.926626443862915, 0.921621561050415, 0.9120050668716431, 0.9120050668716431, 0.8489675521850586, 0.8464990854263306, 0.7034265398979187, 0.7663658857345581, 0.6694983839988708, 0.6661003232002258, 0.6485608220100403, 0.6576197147369385, 0.5615198016166687, 0.627031683921814, 0.7084081172943115, 0.7216953635215759, 0.7323247194290161, 0.7323247194290161, 0.5932895541191101, 0.6766431927680969, 0.6710260510444641, 0.659837007522583, 0.5826153755187988, 0.691475510597229, 0.6250112056732178, 0.7234712839126587, 0.7030259370803833, 0.8620597720146179, 0.8107013702392578, 0.6244486570358276, 0.539897620677948, 0.5645970702171326], [0.8942621946334839, 0.8203365802764893, 0.8705278038978577, 0.7545771598815918, 0.7946467399597168, 0.8595626354217529, 0.8303506374359131, 0.8044491410255432, 0.7743794322013855, 0.9176428318023682, 0.9334903359413147, 0.8992010951042175, 0.9999997615814209, 0.9120886325836182, 0.9276757836341858, 0.8400299549102783, 0.8415473699569702, 0.8400299549102783, 0.8400299549102783, 0.8796048164367676, 0.8456712961196899, 0.894852340221405, 0.894852340221405, 0.8778384923934937, 0.8791150450706482, 0.672471284866333, 0.8021160960197449, 0.6084514856338501, 0.5885827541351318, 0.5389829874038696, 0.6512210369110107, 0.5180883407592773, 0.5324729084968567, 0.7375096082687378, 0.680150032043457, 0.7007098197937012, 0.7007098197937012, 0.5444228649139404, 0.6097869277000427, 0.6136516332626343, 0.6867272853851318, 0.6464879512786865, 0.7121420502662659, 0.6301570534706116, 0.7239807844161987, 0.6966806650161743, 0.8250923752784729, 0.7201738953590393, 0.5524262189865112, 0.5225598216056824, 0.5037882328033447], [0.9444495439529419, 0.842869222164154, 0.8857560157775879, 0.7591068744659424, 0.778104841709137, 0.8138254880905151, 0.792377769947052, 0.8714911937713623, 0.8455824851989746, 0.9818881750106812, 0.8883122205734253, 0.9669673442840576, 0.9120886325836182, 1.0000003576278687, 0.8625109791755676, 0.8437965512275696, 0.8514864444732666, 0.8437965512275696, 0.8437965512275696, 0.9074684381484985, 0.9031423330307007, 0.9057177305221558, 0.9057177305221558, 0.8485633134841919, 0.8464406132698059, 0.7451821565628052, 0.8238288164138794, 0.6571841239929199, 0.65732741355896, 0.6446974277496338, 0.6532809734344482, 0.5253390669822693, 0.62508225440979, 0.7464108467102051, 0.7157357931137085, 0.7389553785324097, 0.7389553785324097, 0.630111575126648, 0.7137492895126343, 0.6499010324478149, 0.6485251188278198, 0.5770621299743652, 0.7311158776283264, 0.6293004751205444, 0.7288132905960083, 0.7249888181686401, 0.8592609763145447, 0.7898990511894226, 0.6161699891090393, 0.5527898669242859, 0.5538851618766785], [0.8743284940719604, 0.7472864389419556, 0.8650725483894348, 0.7170791625976562, 0.746421754360199, 0.7571434378623962, 0.720816969871521, 0.795983076095581, 0.7605190277099609, 0.8664229512214661, 0.9073312282562256, 0.8873983025550842, 0.9276757836341858, 0.8625109791755676, 1.000000238418579, 0.7712771892547607, 0.7639172077178955, 0.7712771892547607, 0.7712771892547607, 0.8798445463180542, 0.8244690299034119, 0.838988184928894, 0.838988184928894, 0.8484838008880615, 0.8502671718597412, 0.5958333015441895, 0.7157697677612305, 0.6168653964996338, 0.6081893444061279, 0.560912013053894, 0.5919514894485474, 0.5676779747009277, 0.5654271245002747, 0.6953768134117126, 0.6657193303108215, 0.6701211929321289, 0.6701211929321289, 0.5010218024253845, 0.5608808994293213, 0.7019603252410889, 0.6637466549873352, 0.5741824507713318, 0.6565942764282227, 0.5749626755714417, 0.6626712083816528, 0.6809371113777161, 0.8240734934806824, 0.7102134227752686, 0.5087466835975647, 0.5101191997528076, 0.5041518807411194], [0.8775192499160767, 0.8694983720779419, 0.8708529472351074, 0.6848034858703613, 0.7002860307693481, 0.7728122472763062, 0.8191661834716797, 0.7436484098434448, 0.7502747178077698, 0.8327213525772095, 0.8641725778579712, 0.8259369134902954, 0.8400299549102783, 0.8437965512275696, 0.7712771892547607, 1.000000238418579, 0.9298679828643799, 1.000000238418579, 1.000000238418579, 0.8543915748596191, 0.8610676527023315, 0.9262373447418213, 0.9262373447418213, 0.779533863067627, 0.7765610218048096, 0.6654887795448303, 0.696115255355835, 0.6105080842971802, 0.6217057704925537, 0.5831488370895386, 0.6421897411346436, 0.479106605052948, 0.5607044696807861, 0.7128208875656128, 0.6944674253463745, 0.7234416007995605, 0.7234416007995605, 0.579230785369873, 0.6577963829040527, 0.588875949382782, 0.770416259765625, 0.6106467843055725, 0.6725554466247559, 0.6549825668334961, 0.8183940052986145, 0.6798166632652283, 0.828303337097168, 0.7667274475097656, 0.613349437713623, 0.4562549591064453, 0.5725599527359009], [0.8361244201660156, 0.890335738658905, 0.857697606086731, 0.707105278968811, 0.718759298324585, 0.7698274850845337, 0.8252065181732178, 0.7436323165893555, 0.804133415222168, 0.84064781665802, 0.7876023650169373, 0.8567119240760803, 0.8415473699569702, 0.8514864444732666, 0.7639172077178955, 0.9298679828643799, 1.000000238418579, 0.9298679828643799, 0.9298679828643799, 0.8738064765930176, 0.910378634929657, 0.9552290439605713, 0.9552290439605713, 0.7667869329452515, 0.7622154951095581, 0.6939080357551575, 0.7210521697998047, 0.6208100318908691, 0.6210318803787231, 0.5861281156539917, 0.6578987836837769, 0.5225526094436646, 0.5674541592597961, 0.689293622970581, 0.7385197877883911, 0.7576012015342712, 0.7576012015342712, 0.619004487991333, 0.6795144081115723, 0.5782917737960815, 0.7597134113311768, 0.6174443960189819, 0.6542887687683105, 0.6602047681808472, 0.8110479116439819, 0.7113205194473267, 0.8347607254981995, 0.7956620454788208, 0.6595842838287354, 0.5303049683570862, 0.5715235471725464], [0.8775192499160767, 0.8694983720779419, 0.8708529472351074, 0.6848034858703613, 0.7002860307693481, 0.7728122472763062, 0.8191661834716797, 0.7436484098434448, 0.7502747178077698, 0.8327213525772095, 0.8641725778579712, 0.8259369134902954, 0.8400299549102783, 0.8437965512275696, 0.7712771892547607, 1.000000238418579, 0.9298679828643799, 1.000000238418579, 1.000000238418579, 0.8543915748596191, 0.8610676527023315, 0.9262373447418213, 0.9262373447418213, 0.779533863067627, 0.7765610218048096, 0.6654887795448303, 0.696115255355835, 0.6105080842971802, 0.6217057704925537, 0.5831488370895386, 0.6421897411346436, 0.479106605052948, 0.5607044696807861, 0.7128208875656128, 0.6944674253463745, 0.7234416007995605, 0.7234416007995605, 0.579230785369873, 0.6577963829040527, 0.588875949382782, 0.770416259765625, 0.6106467843055725, 0.6725554466247559, 0.6549825668334961, 0.8183940052986145, 0.6798166632652283, 0.828303337097168, 0.7667274475097656, 0.613349437713623, 0.4562549591064453, 0.5725599527359009], [0.8775192499160767, 0.8694983720779419, 0.8708529472351074, 0.6848034858703613, 0.7002860307693481, 0.7728122472763062, 0.8191661834716797, 0.7436484098434448, 0.7502747178077698, 0.8327213525772095, 0.8641725778579712, 0.8259369134902954, 0.8400299549102783, 0.8437965512275696, 0.7712771892547607, 1.000000238418579, 0.9298679828643799, 1.000000238418579, 1.000000238418579, 0.8543915748596191, 0.8610676527023315, 0.9262373447418213, 0.9262373447418213, 0.779533863067627, 0.7765610218048096, 0.6654887795448303, 0.696115255355835, 0.6105080842971802, 0.6217057704925537, 0.5831488370895386, 0.6421897411346436, 0.479106605052948, 0.5607044696807861, 0.7128208875656128, 0.6944674253463745, 0.7234416007995605, 0.7234416007995605, 0.579230785369873, 0.6577963829040527, 0.588875949382782, 0.770416259765625, 0.6106467843055725, 0.6725554466247559, 0.6549825668334961, 0.8183940052986145, 0.6798166632652283, 0.828303337097168, 0.7667274475097656, 0.613349437713623, 0.4562549591064453, 0.5725599527359009], [0.9025317430496216, 0.8141090869903564, 0.9131126999855042, 0.7482461929321289, 0.7700765132904053, 0.7594728469848633, 0.7442678213119507, 0.8465789556503296, 0.7848545908927917, 0.8994418382644653, 0.8387032747268677, 0.926626443862915, 0.8796048164367676, 0.9074684381484985, 0.8798445463180542, 0.8543915748596191, 0.8738064765930176, 0.8543915748596191, 0.8543915748596191, 1.0000001192092896, 0.9341167211532593, 0.9331169128417969, 0.9331169128417969, 0.8112581968307495, 0.8091500997543335, 0.656325101852417, 0.748296856880188, 0.6996151208877563, 0.7002614736557007, 0.6507413387298584, 0.6532323360443115, 0.6002523303031921, 0.65826815366745, 0.6983690857887268, 0.7596900463104248, 0.7624319791793823, 0.7624319791793823, 0.5460176467895508, 0.6527373194694519, 0.6864340305328369, 0.708981990814209, 0.6050935983657837, 0.711548924446106, 0.5879169702529907, 0.7461811304092407, 0.769400954246521, 0.8748083710670471, 0.8049267530441284, 0.6218734383583069, 0.6140674948692322, 0.5650371313095093], [0.8910864591598511, 0.8310691118240356, 0.9017801284790039, 0.7377986311912537, 0.7403517365455627, 0.7435572147369385, 0.7689356803894043, 0.833791196346283, 0.8290696144104004, 0.887556791305542, 0.7977257966995239, 0.921621561050415, 0.8456712961196899, 0.9031423330307007, 0.8244690299034119, 0.8610676527023315, 0.910378634929657, 0.8610676527023315, 0.8610676527023315, 0.9341167211532593, 1.0000003576278687, 0.9242047071456909, 0.9242047071456909, 0.7803884744644165, 0.7771666049957275, 0.672429084777832, 0.7467092275619507, 0.637195348739624, 0.657827615737915, 0.6308506727218628, 0.6372731924057007, 0.5665757656097412, 0.6278386116027832, 0.653748095035553, 0.7405652403831482, 0.7488442659378052, 0.7488442659378052, 0.5704511404037476, 0.674110472202301, 0.6377984881401062, 0.6828749179840088, 0.5738673806190491, 0.6704339981079102, 0.5875985026359558, 0.7505731582641602, 0.7630028128623962, 0.8299160003662109, 0.7802969813346863, 0.5930870771408081, 0.5675399303436279, 0.5481649041175842], [0.8934915661811829, 0.8969854712486267, 0.9048499464988708, 0.7203046083450317, 0.7487479448318481, 0.7902223467826843, 0.8454575538635254, 0.7753357887268066, 0.8203995227813721, 0.9021933078765869, 0.8461048603057861, 0.9120050668716431, 0.894852340221405, 0.9057177305221558, 0.838988184928894, 0.9262373447418213, 0.9552290439605713, 0.9262373447418213, 0.9262373447418213, 0.9331169128417969, 0.9242047071456909, 0.9999998807907104, 0.9999998807907104, 0.799156904220581, 0.7950305938720703, 0.7030383348464966, 0.7412709593772888, 0.6345516443252563, 0.6430934071540833, 0.5896188020706177, 0.6759769916534424, 0.5549869537353516, 0.5788863897323608, 0.711236834526062, 0.7522435188293457, 0.7734849452972412, 0.7734849452972412, 0.5979902744293213, 0.6822637319564819, 0.6110544800758362, 0.7530943155288696, 0.621347188949585, 0.6949475407600403, 0.6382997035980225, 0.8041238188743591, 0.7288466691970825, 0.8769859075546265, 0.8188154697418213, 0.6567500233650208, 0.5421559810638428, 0.5502980947494507], [0.8934915661811829, 0.8969854712486267, 0.9048499464988708, 0.7203046083450317, 0.7487479448318481, 0.7902223467826843, 0.8454575538635254, 0.7753357887268066, 0.8203995227813721, 0.9021933078765869, 0.8461048603057861, 0.9120050668716431, 0.894852340221405, 0.9057177305221558, 0.838988184928894, 0.9262373447418213, 0.9552290439605713, 0.9262373447418213, 0.9262373447418213, 0.9331169128417969, 0.9242047071456909, 0.9999998807907104, 0.9999998807907104, 0.799156904220581, 0.7950305938720703, 0.7030383348464966, 0.7412709593772888, 0.6345516443252563, 0.6430934071540833, 0.5896188020706177, 0.6759769916534424, 0.5549869537353516, 0.5788863897323608, 0.711236834526062, 0.7522435188293457, 0.7734849452972412, 0.7734849452972412, 0.5979902744293213, 0.6822637319564819, 0.6110544800758362, 0.7530943155288696, 0.621347188949585, 0.6949475407600403, 0.6382997035980225, 0.8041238188743591, 0.7288466691970825, 0.8769859075546265, 0.8188154697418213, 0.6567500233650208, 0.5421559810638428, 0.5502980947494507], [0.8491158485412598, 0.7204877138137817, 0.8593556880950928, 0.6315914392471313, 0.7363002300262451, 0.8189001083374023, 0.7461642026901245, 0.7847902774810791, 0.7159073352813721, 0.8422732353210449, 0.8811888694763184, 0.8489675521850586, 0.8778384923934937, 0.8485633134841919, 0.8484838008880615, 0.779533863067627, 0.7667869329452515, 0.779533863067627, 0.779533863067627, 0.8112581968307495, 0.7803884744644165, 0.799156904220581, 0.799156904220581, 1.0, 0.9984096884727478, 0.5858440399169922, 0.6737988591194153, 0.5566372871398926, 0.5482102632522583, 0.5107904076576233, 0.6553972959518433, 0.5421585440635681, 0.5025451183319092, 0.7558462619781494, 0.6424098014831543, 0.6551002860069275, 0.6551002860069275, 0.5434178113937378, 0.6114774942398071, 0.6735949516296387, 0.6822630763053894, 0.6024539470672607, 0.6868435144424438, 0.6198325157165527, 0.6912455558776855, 0.656478762626648, 0.8396874666213989, 0.7013351917266846, 0.4977828860282898, 0.5126928091049194, 0.5316991209983826], [0.8480603694915771, 0.7145393490791321, 0.8587645292282104, 0.6341521739959717, 0.7377928495407104, 0.8151547908782959, 0.740204393863678, 0.7835885286331177, 0.7098151445388794, 0.8393094539642334, 0.8832285404205322, 0.8464990854263306, 0.8791150450706482, 0.8464406132698059, 0.8502671718597412, 0.7765610218048096, 0.7622154951095581, 0.7765610218048096, 0.7765610218048096, 0.8091500997543335, 0.7771666049957275, 0.7950305938720703, 0.7950305938720703, 0.9984096884727478, 1.0, 0.581499457359314, 0.6734249591827393, 0.5541750192642212, 0.5436582565307617, 0.5039623379707336, 0.6517596244812012, 0.5329868793487549, 0.49730342626571655, 0.7520383596420288, 0.6404653787612915, 0.6536809206008911, 0.6536809206008911, 0.5371377468109131, 0.6066977977752686, 0.6704713106155396, 0.6808432340621948, 0.5928474068641663, 0.6840331554412842, 0.6165977716445923, 0.6876109838485718, 0.6554572582244873, 0.8358023166656494, 0.6941390037536621, 0.4931555986404419, 0.5153146386146545, 0.525715708732605], [0.6538671255111694, 0.7295240759849548, 0.6485629677772522, 0.6752812266349792, 0.702475905418396, 0.645174503326416, 0.6583964228630066, 0.6991010308265686, 0.7301555871963501, 0.7624974846839905, 0.6293785572052002, 0.7034265398979187, 0.672471284866333, 0.7451821565628052, 0.5958333015441895, 0.6654887795448303, 0.6939080357551575, 0.6654887795448303, 0.6654887795448303, 0.656325101852417, 0.672429084777832, 0.7030383348464966, 0.7030383348464966, 0.5858440399169922, 0.581499457359314, 1.0000004768371582, 0.7461514472961426, 0.571869969367981, 0.5669730305671692, 0.5924656391143799, 0.5393809080123901, 0.38427406549453735, 0.5465967655181885, 0.5585826635360718, 0.5525096654891968, 0.5803967714309692, 0.5803967714309692, 0.7207040786743164, 0.6872504949569702, 0.47711431980133057, 0.43815213441848755, 0.4732647240161896, 0.5699587464332581, 0.5106167793273926, 0.6189225912094116, 0.5132037401199341, 0.6240381002426147, 0.6909236907958984, 0.47862619161605835, 0.4559047222137451, 0.5439397096633911], [0.7419540286064148, 0.7625436186790466, 0.7133506536483765, 0.7871016263961792, 0.7471491098403931, 0.7046921849250793, 0.6757505536079407, 0.8103353381156921, 0.6876110434532166, 0.842160701751709, 0.7317192554473877, 0.7663658857345581, 0.8021160960197449, 0.8238288164138794, 0.7157697677612305, 0.696115255355835, 0.7210521697998047, 0.696115255355835, 0.696115255355835, 0.748296856880188, 0.7467092275619507, 0.7412709593772888, 0.7412709593772888, 0.6737988591194153, 0.6734249591827393, 0.7461514472961426, 0.9999997615814209, 0.6291096806526184, 0.5688029527664185, 0.5869619250297546, 0.5349498987197876, 0.48325079679489136, 0.5617049336433411, 0.5734556913375854, 0.6370134353637695, 0.6450384855270386, 0.6450384855270386, 0.6315438151359558, 0.6402689814567566, 0.5107961893081665, 0.47203540802001953, 0.5505037307739258, 0.6280186176300049, 0.5687700510025024, 0.6204453706741333, 0.6203761100769043, 0.7156758904457092, 0.686597466468811, 0.531329870223999, 0.4932894706726074, 0.4771137237548828], [0.6683502197265625, 0.6491677761077881, 0.6350730657577515, 0.7350397706031799, 0.732263445854187, 0.6117851734161377, 0.5530807375907898, 0.7189815044403076, 0.6011883020401001, 0.6616121530532837, 0.5653483867645264, 0.6694983839988708, 0.6084514856338501, 0.6571841239929199, 0.6168653964996338, 0.6105080842971802, 0.6208100318908691, 0.6105080842971802, 0.6105080842971802, 0.6996151208877563, 0.637195348739624, 0.6345516443252563, 0.6345516443252563, 0.5566372871398926, 0.5541750192642212, 0.571869969367981, 0.6291096806526184, 0.9999998807907104, 0.8988336324691772, 0.8742302656173706, 0.6468886137008667, 0.6325877904891968, 0.8740051984786987, 0.5989073514938354, 0.8600900173187256, 0.8546441197395325, 0.8546441197395325, 0.5938311815261841, 0.6537679433822632, 0.6280592679977417, 0.6139062643051147, 0.5050872564315796, 0.7173119187355042, 0.5595560073852539, 0.6751537322998047, 0.6819844245910645, 0.7100957632064819, 0.7935049533843994, 0.7296501994132996, 0.7346116304397583, 0.789990246295929], [0.6857547163963318, 0.6444356441497803, 0.6391900777816772, 0.7117376327514648, 0.7241172790527344, 0.5538421273231506, 0.5353338718414307, 0.7047346830368042, 0.6322228312492371, 0.6392631530761719, 0.5644689202308655, 0.6661003232002258, 0.5885827541351318, 0.65732741355896, 0.6081893444061279, 0.6217057704925537, 0.6210318803787231, 0.6217057704925537, 0.6217057704925537, 0.7002614736557007, 0.657827615737915, 0.6430934071540833, 0.6430934071540833, 0.5482102632522583, 0.5436582565307617, 0.5669730305671692, 0.5688029527664185, 0.8988336324691772, 1.0000001192092896, 0.9141127467155457, 0.5976699590682983, 0.6360101699829102, 0.9530448913574219, 0.6034219861030579, 0.8069618940353394, 0.8079290986061096, 0.8079290986061096, 0.5678594708442688, 0.6491641998291016, 0.6289311647415161, 0.6509106755256653, 0.43012475967407227, 0.6629241704940796, 0.45416876673698425, 0.6450912952423096, 0.652326226234436, 0.6903328895568848, 0.7980949878692627, 0.6752960085868835, 0.6812084913253784, 0.7367343306541443], [0.6537277698516846, 0.6147606372833252, 0.5983501672744751, 0.7032966613769531, 0.6456987261772156, 0.5267614126205444, 0.4790547490119934, 0.7019718885421753, 0.6113492250442505, 0.6423682570457458, 0.5190563201904297, 0.6485608220100403, 0.5389829874038696, 0.6446974277496338, 0.560912013053894, 0.5831488370895386, 0.5861281156539917, 0.5831488370895386, 0.5831488370895386, 0.6507413387298584, 0.6308506727218628, 0.5896188020706177, 0.5896188020706177, 0.5107904076576233, 0.5039623379707336, 0.5924656391143799, 0.5869619250297546, 0.8742302656173706, 0.9141127467155457, 0.9999996423721313, 0.5547268390655518, 0.6209239959716797, 0.9427080154418945, 0.5673398375511169, 0.7469179630279541, 0.7581364512443542, 0.7581364512443542, 0.6253538131713867, 0.7001588344573975, 0.5910176038742065, 0.5606203675270081, 0.4110443592071533, 0.6255321502685547, 0.4470990300178528, 0.6333491802215576, 0.5696903467178345, 0.6700116395950317, 0.8030143976211548, 0.7128467559814453, 0.5686081647872925, 0.7771426439285278], [0.6640312075614929, 0.7352068424224854, 0.7014725208282471, 0.53209388256073, 0.6163449287414551, 0.7748316526412964, 0.7395991683006287, 0.649624228477478, 0.5668368935585022, 0.662477970123291, 0.6037462949752808, 0.6576197147369385, 0.6512210369110107, 0.6532809734344482, 0.5919514894485474, 0.6421897411346436, 0.6578987836837769, 0.6421897411346436, 0.6421897411346436, 0.6532323360443115, 0.6372731924057007, 0.6759769916534424, 0.6759769916534424, 0.6553972959518433, 0.6517596244812012, 0.5393809080123901, 0.5349498987197876, 0.6468886137008667, 0.5976699590682983, 0.5547268390655518, 0.9999996423721313, 0.5265719294548035, 0.5530796051025391, 0.6766535043716431, 0.6854387521743774, 0.6927844285964966, 0.6927844285964966, 0.5319194793701172, 0.6181700229644775, 0.5905861854553223, 0.7070229053497314, 0.6566005349159241, 0.7482552528381348, 0.6708643436431885, 0.7020999789237976, 0.5969483852386475, 0.7001733779907227, 0.6983497142791748, 0.659225344657898, 0.552996039390564, 0.6246963143348694], [0.5456515550613403, 0.49014583230018616, 0.5454537868499756, 0.4598138928413391, 0.4942736029624939, 0.503637433052063, 0.44917571544647217, 0.5245638489723206, 0.4422353506088257, 0.5433508157730103, 0.4841499328613281, 0.5615198016166687, 0.5180883407592773, 0.5253390669822693, 0.5676779747009277, 0.479106605052948, 0.5225526094436646, 0.479106605052948, 0.479106605052948, 0.6002523303031921, 0.5665757656097412, 0.5549869537353516, 0.5549869537353516, 0.5421585440635681, 0.5329868793487549, 0.38427406549453735, 0.48325079679489136, 0.6325877904891968, 0.6360101699829102, 0.6209239959716797, 0.5265719294548035, 0.9999997615814209, 0.6130836009979248, 0.5648450255393982, 0.6152247190475464, 0.6069538593292236, 0.6069538593292236, 0.4229976534843445, 0.47180619835853577, 0.5344434976577759, 0.5540090799331665, 0.6110360622406006, 0.5762267708778381, 0.5015057325363159, 0.5681383609771729, 0.5924006104469299, 0.6527594327926636, 0.692597508430481, 0.6258329749107361, 0.5014973878860474, 0.42209410667419434], [0.6316624283790588, 0.6044323444366455, 0.5809435248374939, 0.7075991630554199, 0.6692763566970825, 0.5138396620750427, 0.47140103578567505, 0.6993489265441895, 0.6200261116027832, 0.6090989112854004, 0.5138568878173828, 0.627031683921814, 0.5324729084968567, 0.62508225440979, 0.5654271245002747, 0.5607044696807861, 0.5674541592597961, 0.5607044696807861, 0.5607044696807861, 0.65826815366745, 0.6278386116027832, 0.5788863897323608, 0.5788863897323608, 0.5025451183319092, 0.49730342626571655, 0.5465967655181885, 0.5617049336433411, 0.8740051984786987, 0.9530448913574219, 0.9427080154418945, 0.5530796051025391, 0.6130836009979248, 0.9999998807907104, 0.5740716457366943, 0.783650815486908, 0.7701103091239929, 0.7701103091239929, 0.5902020931243896, 0.6742634773254395, 0.6127728223800659, 0.5745424032211304, 0.39315375685691833, 0.6206237077713013, 0.3972933888435364, 0.5774258375167847, 0.6447797417640686, 0.6577094197273254, 0.7642425298690796, 0.6485003232955933, 0.648725152015686, 0.7415820360183716], [0.7801902890205383, 0.7210655808448792, 0.6790938377380371, 0.5602747201919556, 0.6469930410385132, 0.7704728841781616, 0.7200171947479248, 0.6506601572036743, 0.6184070110321045, 0.7386801242828369, 0.7321279644966125, 0.7084081172943115, 0.7375096082687378, 0.7464108467102051, 0.6953768134117126, 0.7128208875656128, 0.689293622970581, 0.7128208875656128, 0.7128208875656128, 0.6983690857887268, 0.653748095035553, 0.711236834526062, 0.711236834526062, 0.7558462619781494, 0.7520383596420288, 0.5585826635360718, 0.5734556913375854, 0.5989073514938354, 0.6034219861030579, 0.5673398375511169, 0.6766535043716431, 0.5648450255393982, 0.5740716457366943, 1.0000001192092896, 0.650397539138794, 0.6752792596817017, 0.6752792596817017, 0.5603692531585693, 0.6317962408065796, 0.6011365056037903, 0.7004907727241516, 0.6438266038894653, 0.7454642057418823, 0.6721729636192322, 0.7188491225242615, 0.6304556131362915, 0.7622147798538208, 0.7319924831390381, 0.6107869148254395, 0.509808361530304, 0.5616255402565002], [0.7261191606521606, 0.7086672782897949, 0.7014517784118652, 0.733839213848114, 0.6975932121276855, 0.6305075883865356, 0.6255146265029907, 0.6770324110984802, 0.6526765823364258, 0.706926703453064, 0.6096552610397339, 0.7216953635215759, 0.680150032043457, 0.7157357931137085, 0.6657193303108215, 0.6944674253463745, 0.7385197877883911, 0.6944674253463745, 0.6944674253463745, 0.7596900463104248, 0.7405652403831482, 0.7522435188293457, 0.7522435188293457, 0.6424098014831543, 0.6404653787612915, 0.5525096654891968, 0.6370134353637695, 0.8600900173187256, 0.8069618940353394, 0.7469179630279541, 0.6854387521743774, 0.6152247190475464, 0.783650815486908, 0.650397539138794, 1.0000003576278687, 0.9799290895462036, 0.9799290895462036, 0.6179503798484802, 0.7089009881019592, 0.6745753288269043, 0.7571977972984314, 0.48067760467529297, 0.7134503126144409, 0.5742975473403931, 0.717204749584198, 0.7964843511581421, 0.8145338296890259, 0.7902220487594604, 0.7601562738418579, 0.7262651920318604, 0.7129499912261963], [0.7559331655502319, 0.7313840985298157, 0.720005214214325, 0.7540275454521179, 0.725174069404602, 0.6568455696105957, 0.6642782092094421, 0.6854442954063416, 0.6563528776168823, 0.7333067655563354, 0.6327245831489563, 0.7323247194290161, 0.7007098197937012, 0.7389553785324097, 0.6701211929321289, 0.7234416007995605, 0.7576012015342712, 0.7234416007995605, 0.7234416007995605, 0.7624319791793823, 0.7488442659378052, 0.7734849452972412, 0.7734849452972412, 0.6551002860069275, 0.6536809206008911, 0.5803967714309692, 0.6450384855270386, 0.8546441197395325, 0.8079290986061096, 0.7581364512443542, 0.6927844285964966, 0.6069538593292236, 0.7701103091239929, 0.6752792596817017, 0.9799290895462036, 0.9999998211860657, 0.9999998211860657, 0.6327222585678101, 0.7305464148521423, 0.6691789627075195, 0.7746305465698242, 0.5092994570732117, 0.7425077557563782, 0.5951148271560669, 0.7638416290283203, 0.7837799787521362, 0.8273487091064453, 0.8044519424438477, 0.7741296291351318, 0.7246610522270203, 0.7234306931495667], [0.7559331655502319, 0.7313840985298157, 0.720005214214325, 0.7540275454521179, 0.725174069404602, 0.6568455696105957, 0.6642782092094421, 0.6854442954063416, 0.6563528776168823, 0.7333067655563354, 0.6327245831489563, 0.7323247194290161, 0.7007098197937012, 0.7389553785324097, 0.6701211929321289, 0.7234416007995605, 0.7576012015342712, 0.7234416007995605, 0.7234416007995605, 0.7624319791793823, 0.7488442659378052, 0.7734849452972412, 0.7734849452972412, 0.6551002860069275, 0.6536809206008911, 0.5803967714309692, 0.6450384855270386, 0.8546441197395325, 0.8079290986061096, 0.7581364512443542, 0.6927844285964966, 0.6069538593292236, 0.7701103091239929, 0.6752792596817017, 0.9799290895462036, 0.9999998211860657, 0.9999998211860657, 0.6327222585678101, 0.7305464148521423, 0.6691789627075195, 0.7746305465698242, 0.5092994570732117, 0.7425077557563782, 0.5951148271560669, 0.7638416290283203, 0.7837799787521362, 0.8273487091064453, 0.8044519424438477, 0.7741296291351318, 0.7246610522270203, 0.7234306931495667], [0.557543158531189, 0.6621757745742798, 0.5444762706756592, 0.546981930732727, 0.5397070646286011, 0.5947920083999634, 0.5670099258422852, 0.5816884636878967, 0.6744548678398132, 0.6429325938224792, 0.5358700752258301, 0.5932895541191101, 0.5444228649139404, 0.630111575126648, 0.5010218024253845, 0.579230785369873, 0.619004487991333, 0.579230785369873, 0.579230785369873, 0.5460176467895508, 0.5704511404037476, 0.5979902744293213, 0.5979902744293213, 0.5434178113937378, 0.5371377468109131, 0.7207040786743164, 0.6315438151359558, 0.5938311815261841, 0.5678594708442688, 0.6253538131713867, 0.5319194793701172, 0.4229976534843445, 0.5902020931243896, 0.5603692531585693, 0.6179503798484802, 0.6327222585678101, 0.6327222585678101, 1.0000001192092896, 0.8895871043205261, 0.5444360971450806, 0.4756835699081421, 0.44680020213127136, 0.5576111078262329, 0.48736119270324707, 0.6430229544639587, 0.5353000164031982, 0.6686570048332214, 0.7530391216278076, 0.5435960292816162, 0.478397399187088, 0.61299067735672], [0.6667307019233704, 0.7318279147148132, 0.661229133605957, 0.5981976389884949, 0.6125011444091797, 0.6599739789962769, 0.6440589427947998, 0.6809759140014648, 0.7148933410644531, 0.7346469163894653, 0.5868619680404663, 0.6766431927680969, 0.6097869277000427, 0.7137492895126343, 0.5608808994293213, 0.6577963829040527, 0.6795144081115723, 0.6577963829040527, 0.6577963829040527, 0.6527373194694519, 0.674110472202301, 0.6822637319564819, 0.6822637319564819, 0.6114774942398071, 0.6066977977752686, 0.6872504949569702, 0.6402689814567566, 0.6537679433822632, 0.6491641998291016, 0.7001588344573975, 0.6181700229644775, 0.47180619835853577, 0.6742634773254395, 0.6317962408065796, 0.7089009881019592, 0.7305464148521423, 0.7305464148521423, 0.8895871043205261, 1.0000001192092896, 0.6302214860916138, 0.5955624580383301, 0.5003393888473511, 0.6553232073783875, 0.5229678750038147, 0.6868562698364258, 0.6059108972549438, 0.7469806671142578, 0.7898485660552979, 0.6336314082145691, 0.5621170401573181, 0.6994278430938721], [0.6756041646003723, 0.5871503353118896, 0.7014811038970947, 0.49523961544036865, 0.5623305439949036, 0.618170440196991, 0.5360807776451111, 0.6605802178382874, 0.6224294900894165, 0.6473472714424133, 0.6340322494506836, 0.6710260510444641, 0.6136516332626343, 0.6499010324478149, 0.7019603252410889, 0.588875949382782, 0.5782917737960815, 0.588875949382782, 0.588875949382782, 0.6864340305328369, 0.637798